24
2
0 13212 13039 11575 2401 7246 912 9740 3682 8394 4714 6141 12145 11288 2792 12699 10317 8452 13378 8894 2301 4749 1269 6531
13212 0 691 3589 11997 7398 12958 5414 10026 5142 9276 8469 2323 2476 11084 1569 4261 6648 1830 6204 11281 8651 12795 8225
13039 691 0 3416 11824 7225 12785 5241 9853 4969 9103 8296 2150 2303 10911 1396 4088 6475 1657 6031 11108 8478 12622 8052
11575 3589 3416 0 10360 5761 11321 3777 8389 3505 7639 6832 2522 1665 9447 3076 2624 5011 3755 4567 9644 7014 11158 6588
2401 11997 11824 10360 0 6031 2147 8525 2467 7179 3499 4926 10930 10073 1577 11484 9102 7237 12163 7679 1086 3534 1984 5316
7246 7398 7225 5761 6031 0 6992 3926 4060 2580 3310 2503 6331 5474 5118 6885 4503 2638 7564 3080 5315 2685 6829 2259
912 12958 12785 11321 2147 6992 0 9486 3428 8140 4460 5887 11891 11034 2538 12445 10063 8198 13124 8640 2047 4495 1015 6277
9740 5414 5241 3777 8525 3926 9486 0 6554 1670 5804 4997 4347 3490 7612 4901 2519 3176 5580 2732 7809 5179 9323 4753
3682 10026 9853 8389 2467 4060 3428 6554 0 5208 1528 2955 8959 8102 1554 9513 7131 5266 10192 5708 1751 1563 3265 3345
8394 5142 4969 3505 7179 2580 8140 1670 5208 0 4458 3651 4075 3218 6266 4629 2247 1830 5308 1386 6463 3833 7977 3407
4714 9276 9103 7639 3499 3310 4460 5804 1528 4458 0 2205 8209 7352 2586 8763 6381 4516 9442 4958 2783 813 4297 2595
6141 8469 8296 6832 4926 2503 5887 4997 2955 3651 2205 0 7402 6545 4013 7956 5574 3709 8635 4151 4210 1580 5724 1788
12145 2323 2150 2522 10930 6331 11891 4347 8959 4075 8209 7402 0 1409 10017 1810 3194 5581 2489 5137 10214 7584 11728 7158
11288 2476 2303 1665 10073 5474 11034 3490 8102 3218 7352 6545 1409 0 9160 1963 2337 4724 2642 4280 9357 6727 10871 6301
2792 11084 10911 9447 1577 5118 2538 7612 1554 6266 2586 4013 10017 9160 0 10571 8189 6324 11250 6766 861 2621 2375 4403
12699 1569 1396 3076 11484 6885 12445 4901 9513 4629 8763 7956 1810 1963 10571 0 3748 6135 1735 5691 10768 8138 12282 7712
10317 4261 4088 2624 9102 4503 10063 2519 7131 2247 6381 5574 3194 2337 8189 3748 0 3753 4427 3309 8386 5756 9900 5330
8452 6648 6475 5011 7237 2638 8198 3176 5266 1830 4516 3709 5581 4724 6324 6135 3753 0 6814 2330 6521 3891 8035 3465
13378 1830 1657 3755 12163 7564 13124 5580 10192 5308 9442 8635 2489 2642 11250 1735 4427 6814 0 6370 11447 8817 12961 8391
8894 6204 6031 4567 7679 3080 8640 2732 5708 1386 4958 4151 5137 4280 6766 5691 3309 2330 6370 0 6963 4333 8477 3907
2301 11281 11108 9644 1086 5315 2047 7809 1751 6463 2783 4210 10214 9357 861 10768 8386 6521 11447 6963 0 2818 1884 4600
4749 8651 8478 7014 3534 2685 4495 5179 1563 3833 813 1580 7584 6727 2621 8138 5756 3891 8817 4333 2818 0 4332 1970
1269 12795 12622 11158 1984 6829 1015 9323 3265 7977 4297 5724 11728 10871 2375 12282 9900 8035 12961 8477 1884 4332 0 6114
6531 8225 8052 6588 5316 2259 6277 4753 3345 3407 2595 1788 7158 6301 4403 7712 5330 3465 8391 3907 4600 1970 6114 0
